0 0.273704789833822 0.4973924380704041 0.03128054740957967 0.31421121251629724
0 0.34017595307917886 0.5 0.03128054740957967 0.30899608865710554
0 0.4027370478983382 0.5019556714471968 0.03323558162267839 0.31029986962190353
0 0.4721407624633431 0.49999999999999983 0.02932551319648094 0.31681877444589307
0 0.5391006842619748 0.5013037809647976 0.03225806451612892 0.31942633637548884
0 0.6036168132942328 0.49999999999999983 0.03421309872922775 0.31681877444589307
0 0.6676441837732159 0.501303780964798 0.03323558162267839 0.31681877444589307
0 0.7375366568914956 0.5026075619295958 0.042033235581622676 0.3116036505867015
1 0.2834799608993157 0.3735332464146019 0.060606060606060524 0.5593220338983044
1 0.34799608993157366 0.37222946544980445 0.05278592375366567 0.5671447196870926
1 0.4095796676441838 0.3748370273794002 0.05669599217986314 0.5671447196870926
1 0.47262952101661776 0.3748370273794002 0.05376344086021505 0.57496740547588
1 0.5356793743890518 0.3761408083441982 0.052785923753665684 0.57496740547588
1 0.5987292277614858 0.3741851368970013 0.05376344086021505 0.5736636245110822
1 0.6608015640273704 0.3741851368970013 0.05474095796676441 0.5736636245110822
1 0.7267839687194525 0.37679269882659716 0.0635386119257087 0.5658409387222947
