2 0.2722385141739979 0.49999999999999933 0.03812316715542528 0.31160365058670103
2 0.3396871945259042 0.49804432855280306 0.03421309872922775 0.3155149934810952
2 0.40664711632453565 0.4973924380704041 0.037145650048875864 0.31421121251629724
2 0.46920821114369493 0.498696219035202 0.03128054740957967 0.31421121251629724
2 0.5366568914956011 0.5019556714471969 0.035190615835777136 0.3129074315514993
2 0.6045943304007821 0.49999999999999983 0.032258064516129024 0.31681877444589307
2 0.6686217008797654 0.500651890482399 0.037145650048875864 0.3155149934810952
2 0.7350928641251222 0.5000000000000001 0.037145650048875864 0.31421121251629724
1 0.28445747800586507 0.37222946544980445 0.05669599217986314 0.5619295958279009
1 0.3475073313782991 0.36962190352020863 0.05376344086021505 0.5697522816166886
1 0.4090909090909091 0.3709256844850064 0.05180840664711632 0.5671447196870926
1 0.47067448680351903 0.3741851368970013 0.04594330400782014 0.5684485006518903
1 0.5351906158357772 0.37353324641460245 0.05180840664711632 0.5697522816166886
1 0.5972629521016618 0.37353324641460245 0.05474095796676441 0.5697522816166886
1 0.6603128054740958 0.37353324641460245 0.055718475073313775 0.5697522816166886
1 0.7228739002932553 0.3754889178617992 0.0576735092864125 0.5632333767926988
