0 0.2702834799608993 0.49674054758800523 0.03421309872922775 0.32073011734028684
0 0.33822091886608013 0.49608865710560607 0.03128054740957967 0.30899608865710554
0 0.4017595307917889 0.4960886571056061 0.02932551319648094 0.31421121251629724
0 0.47067448680351903 0.49999999999999983 0.030303030303030304 0.3194263363754889
0 0.5366568914956011 0.49999999999999983 0.03128054740957967 0.3194263363754889
0 0.604594330400782 0.49999999999999983 0.03421309872922775 0.3194263363754889
0 0.6681329423264907 0.49999999999999983 0.0361681329423265 0.31681877444589307
0 0.7341153470185727 0.5006518904823989 0.039100684261974585 0.318122555410691
1 0.282991202346041 0.3748370273794002 0.05767350928641256 0.5645371577574966
1 0.3475073313782991 0.36962190352020863 0.04985337243401759 0.5619295958279009
1 0.40860215053763427 0.3702737940026076 0.05278592375366568 0.5684485006518907
1 0.4721407624633431 0.3761408083441982 0.050830889540566956 0.57496740547588
1 0.5347018572825024 0.3754889178617992 0.050830889540566956 0.576271186440678
1 0.5977517106549366 0.3748370273794003 0.05376344086021505 0.5723598435462842
1 0.6593352883675465 0.37679269882659716 0.05376344086021505 0.5658409387222947
1 0.7253176930596287 0.3780964797913951 0.05865102639296188 0.5658409387222947
